0
176974
315790
420012
490815
550687
603270
649870
693765
732948
765918
794528
818100
837796
854110
868179
879617
889657
897467
903855
908313
910155
911160
911888
912487
912939
913384
913718
913957
914165
914364
914526
914649
914783
914874
915002
915082
915156
915239
915296
915382
915434
915498
915544
915588
915632
915661
915730
915757
915779
915808
915829
915852
915874
915891
915905
915924
915944
915962
915986
916002
916014
916028
916042
916060
916072
916084
916097
916110
916123
916143
916160
916170
916188
916193
916201
916203
916210
916217
916225
916231
916234
916237
916246
916247
916248
916253
916259
916263
916272
916278
916282
916287
916291
916291
916294
916298
916303
916306
916309
916312
916316
916320
916322
916326
916330
916338
916340
916343
916345
916347
916352
916355
916355
916358
916360
916363
916365
916366
916368
916370
916371
916371
916372
916374
916374
916374
916375
916376
916380
916380
916382
916382
916384
916385
916385
916387
916388
916390
916390
916390
916390
916391
916391
916392
916393
916394
916395
916396
916398
916398
916398
916398
916398
916398
916398
916398
916398
916399
916400
916400
916400
916400
916400
916401
916401
916401
916401
916401
916402
916402
916402
916404
916405
916406
916407
916407
916409
916409
916409
916409
916409
916409
916409
916411
916411
916411
916411
916411
916411
916411
916412
916413
916415
916415
916415
916415
916415
916415
916415
916416
916418
916418
916418
916418
916418
916418
916418
916418
916418
916418
916418
916418
916418
916418
916418
916418
916418
916418
916418
916418
916418
916418
916418
916418
916418
916418
916418
916418
916419
916420
916421
916421
916421
916422
916422
916422
916422
916422
916422
916422
916422
916422
916422
916422
916423
916424
916424
916424
916424
916424
916424
916424
916424
916424
916424
916424
916424
916424
916424
916424
916424
916424
916425
916425
916425
916425
916426
916426
916426
916426
916426
916426
916426
916426
916426
916426
916427
916427
916427
916427
916427
916427
916427
916427
916427
916427
916427
916427
916427
916427
916427
916427
916427
916427
916427
916427
916427
916427
916427
916427
916427
916427
916427
916427
916427
916427
916427
916427
916427
916427
916427
916427
916427
916427
916427
916427
916427
916427
916427
916427
916427
916427
916427
916427
916427
916427
916427
916427
916427
916427
916427
916427
916427
916427
916427
916427
916427
916427
916427
916427
916427
916427
916427
916427
916427
916427
916427
916427
916427
916427
916427
916427
916427
916427
916427
916427
916427
916427
916427
916427
916427
916427
916427
916427
916427
916427
916427
916427
916427
916427
916427
916427
916427
916427
916427
916427
916427
916427
916427
916427
916427
916427
916427
916427
916427
916427
916427
916427
916427
916427
916427
916427
916427
916427
916427
916427
916427
916427
916427
916427
916427
916427
916427
916427
916427
916427
916427
916427
916427
916427
916427
916427
916427
916427
916427
916427
916427
916427
916427
916427
916427
916427
916427
916427
916427
916427
916427
916427
916427
916427
916427
916427
916427
916427
916427
916427
916427
916427
916427
916427
916427
916427
916427
916427
916427
916427
916427
916427
916427
