0
0
1771386
2121784
2235242
2283994
2309181
2324255
2334268
2341495
2347304
2351847
2355616
2358772
2361517
2363965
2366143
2368018
2369763
2371378
2372766
2374160
2375324
2376496
2377518
2378578
2379497
2380321
2381122
2381795
2382484
2383058
2383618
2384117
2384571
2384972
2385329
2385696
2386009
2386330
2386666
2387015
2387295
2387543
2387788
2388014
2388232
2388419
2388606
2388772
2388930
2389069
2389240
2389406
2389554
2389726
2389866
2390000
2390085
2390198
2390317
2390379
2390469
2390582
2390680
2390765
2390845
2390919
2390996
2391092
2391153
2391214
2391300
2391369
2391423
2391478
2391538
2391603
2391670
2391717
2391755
2391795
2391845
2391881
2391922
2391948
2392003
2392028
2392091
2392131
2392174
2392201
2392240
2392268
2392324
2392390
2392428
2392457
2392480
2392518
2392570
2392605
2392637
2392672
2392709
2392728
2392757
2392799
2392822
2392839
2392868
2392903
2392932
2392957
2392985
2393001
2393027
2393063
2393090
2393138
2393175
2393193
2393233
2393259
2393294
2393326
2393358
2393387
2393436
2393513
2393607
2393685
